num_basic: 3
num_non_basic: 3

cb_vector:

0.000000 0.000000 0.000000

xb_index_vector:

4 5 6

cn_vector:

1.000000 2.000000 3.000000

xn_index_vector:

1 2 3

b_matrix:

1.000000 0.000000 0.000000
0.000000 1.000000 0.000000
0.000000 0.000000 1.000000

n_matrix:

3.000000 -2.000000 4.000000
2.000000 1.000000 5.000000
7.000000 5.000000 3.000000

b_vector:

4.000000 7.000000 10.000000

num_basic: 3
num_non_basic: 3

cb_vector:

0.000000 0.000000 0.000000

xb_index_vector:

4 5 6

cn_vector:

1.000000 2.000000 3.000000

xn_index_vector:

1 2 3

b_matrix:

1.000000 0.000000 0.000000
0.000000 1.000000 0.000000
0.000000 0.000000 1.000000

n_matrix:

3.000000 -2.000000 4.000000
2.000000 1.000000 5.000000
7.000000 5.000000 3.000000

b_vector:

4.000000 7.000000 10.000000

Unbounded
